1039
2191
2658
2403
1776
0108
1180
1334
2086
0173
3124
2596
4179
1938
2687
4207
2969
1290
4546
4960
0862
1811
3025
3695
3353
3489
0807
3791
4507
1852
0902
4304
3375
4792
0582
0426
2566
0273
4039
1498
2533
0511
4845
5191
3839
3504
0038
0343
2048
2299
5111
0565
0379
3105
0182
2575
1102
0610
0476
2503
1447
3579
0716
4244
2157
3347
5182
4135
1302
3068
3251
3419
0729
2776
1512
1023
0524
1392
1153
1707
4981
1990
1930
3328
3522
5031
4203
2971
1860
3379
0449
4791
3966
3391
4012
4425
1751
2100
4427
2988
1540
1942
3079
3176
0347
2693
4905
3690
3840
0301
4221
1495
3323
0442
2281
4456
0437
1657
3833
3125
3800
0773
4568
0955
4421
0871
3606
1395
2597
1939
3485
4745
1074
1658
4873
1261
1505
3942
1826
2678
0998
0217
1497
0046
2087
3308
3128
2345
0939
5119
2293
3192
4902
3236
2846
3035
2374
1867
0562
2009
0348
2564
2492
2115
1884
4888
1374
5066
3020
4333
4952
0215
4056
4818
2604
2514
0586
1303
4392
4038
4467
1113
0517
3901
1603
2516
3201
4487
1288
1675
2378
3486
1534
5017
4759
2529
0505
1606
0735
2620
2585
2549
3745
1948
0034
5118
3818
1758
4632
0443
0294
5045
3452
4630
2461
2110
4742
3446
0694
4439
1046
0872
1295
0644
0086
0623
0081
0069
0833
4615
3845
1393
1737
3950
3257
0322
3488
1151
1404
4368
2168
0497
2438
4868
3755
1466
4133
2097
3735
0905
3761
2505
2111
4694
2815
0158
3570
1558
4777
2509
2194
3899
3354
0232
2459
4858
3751
1524
4099
0276
3003
1493
4785
3908
4373
0633
3639
1564
2132
2905
2318
3551
5093
1476
4971
3998
4614
4620
1089
0632
0440
2247
3062
1964
3048
5140
0800
2759
0210
2964
2925
3961
0733
0151
2967
3525
2441
1270
3054
4912
1100
2106
3925
1796
3213
0410
1241
4268
1177
2463
4271
1987
0270
2041
4807
0116
4680
1231
1868
5128
5152
0665
3046
2884
1815
2197
4948
4206
4886
0779
2635
1744
2068
0134
2075
3314
0064
0023
3747
3728
3490
4134
3519
3252
3260
2384
2517
1382
0431
3313
2024
4358
5008
1596
4631
4163
2494
4138
3617
5132
3805
3385
2547
0579
0338
0719
3870
0353
1936
3053
3509
3741
1849
1923
4125
1958
1482
3040
3678
4528
0377
1397
5032
0864
4284
0055
3515
4520
2885
2970
0882
0183
4402
2307
4594
4119
0424
1256
4989
3144
4205
1125
3977
1940
3400
4291
1692
1030
2021
4100
4569
2616
1576
1421
4497
4177
4097
0491
1332
1168
5048
0946
3502
3168
0640
4750
1794
0229
2978
1197
1239
0302
4275
2257
0698
4551
0401
1156
1013
0389
2181
1503
1755
0093
4299
3290
1224
1338
3546
1027
4401
2212
0926
3883
1689
1299
2983
0944
2532
0242
4784
3437
5033
5054
1481
4257
3137
0278
5129
1419
1282
2538
2359
1273
3264
3229
2744
3497
0817
0473
2852
3856
0271
4377
5101
3285
0084
4836
4943
2787
3438
1662
4391
2484
0885
0790
0734
0481
0246
3566
1365
2551
3173
3401
1529
4789
0576
3982
4642
4231
3109
4173
2050
2218
0144
2716
3650
0553
1438
2418
0954
3473
2626
4735
5161
3122
2199
0652
3023
0272
1142
5104
3940
1249
0128
2910
0285
3005
2124
5098
2892
0634
3918
1708
0826
4247
5199
3664
5147
1620
2108
0219
4311
5090
4415
3472
1687
3193
4917
0880
0258
0312
2125
3140
1764
4050
5088
4322
2198
5177
1594
1639
0080
3611
4692
1186
4029
5075
0205
4423
1680
1570
3636
4004
1829
0388
0373
0412
2416
4405
2557
3277
3100
2386
2544
1381
0244
1950
4772
3641
3924
2165
5203
3198
0791
0463
2450
2200
2296
3788
2931
3275
4794
0769
2849
0031
2171
4496
4186
0216
4501
2696
0976
0906
0345
3677
4605
0740
5115
0753
0518
3881
1865
0013
2917
2627
0766
2594
2866
1551
0054
2112
4723
4519
0631
1978
1816
3799
4429
1254
1076
2887
2518
3625
0467
4321
4437
0030
0530
3857
0405
4448
3454
3851
0662
0243
3514
4032
3976
0869
0138
4362
1229
5114
0459
4913
2531
2837
4676
2785
3855
0072
2994
0382
1914
2976
0430
3027
3911
4992
1916
0502
2392
4685
0071
5159
4651
0239
3117
4387
0436
1078
3928
5042
2008
0218
3828
0468
2448
4505
1980
0372
3274
1714
0532
0732
1416
1071
1797
3149
3195
3516
2043
4118
3595
2520
4409
3854
0501
2989
3719
2703
1617
1643
2335
4494
4003
2183
4544
1123
0375
3043
4573
0103
3230
3672
0483
1347
4893
2003
2796
3307
2260
2001
0466
4510
4982
4424
4780
4757
2022
4192
1981
1465
0250
1746
0828
4879
4243
1527
1734
0198
1768
0884
4498
1965
0635
1810
4176
4397
2159
2014
2294
0319
4169
3159
1832
0671
1511
1517
1222
1962
1722
0661
2084
4761
3282
0133
0397
1200
2252
2919
3622
1927
4061
0163
2207
0750
4768
4867
0700
3306
0121
1066
5047
4741
4335
2421
4183
4353
1721
4473
1135
0668
5091
4824
2806
4900
2184
2208
3952
0695
5043
1609
3635
0953
4294
3235
2156
3491
0637
4793
5025
1309
3416
0509
2803
2526
2485
3835
0091
2534
2464
1561
2235
4256
4664
3146
2646
1010
3628
2148
3160
4214
5138
0409
4480
4315
4856
1835
3980
1008
1919
4619
0587
3426
3853
0804
3139
2825
1189
0137
0206
4309
3972
4690
4733
2725
3445
3738
5011
1693
1607
0842
0761
0073
3340
0240
3812
0983
4531
4678
3528
0725
0099
1051
4175
0171
0879
2523
1371
1333
5185
3246
3237
3186
3923
4911
0574
3704
1694
0049
1699
0352
3797
2242
4523
3348
2899
4359
1353
2556
0225
2804
4591
2332
0992
0199
0356
3026
1623
2338
1859
1296
3352
0796
0578
3898
0852
0076
1769
2440
4919
2648
2865
3372
1792
1037
0987
3031
4167
4262
1210
2801
2660
4838
3667
3872
2473
2611
0941
4617
2974
4190
3150
2117
3590
0092
4884
4225
3111
1873
2826
3287
5146
1414
5052
3581
0355
1834
0367
3102
0387
1183
0602
2295
2561
1507
4811
1875
1352
1318
4222
4561
1828
0797
0756
3245
1442
1664
4691
0890
2341
2319
0867
1704
0254
2049
1618
1910
3386
1659
0888
3104
1779
1315
5135
4345
3638
1632
0765
1232
0762
1161
3359
2456
1005
1926
4599
0783
3215
2568
3155
0877
4585
4471
2528
1429
0227
3106
4147
3575
1706
2790
3465
3962
3182
3890
3858
0131
2767
1477
3894
0508
4026
2877
3389
3317
1235
1028
1182
4011
2205
3167
0462
4843
1226
2659
4168
3790
4018
0233
1240
4281
0119
1899
3498
1220
4198
3834
3684
2749
3652
0024
4945
3095
5063
4055
2542
3442
4944
4071
1453
4925
0135
5122
2543
2637
2656
1167
2477
0798
0809
2720
3077
4661
1535
5149
1341
3817
4801
3832
1024
3410
2779
1162
3626
0685
5127
1713
1601
2158
0600
2686
5205
0495
3647
4751
0757
5010
2355
0447
4254
0490
2387
2209
0456
4229
4656
4293
4545
4874
2391
3648
4787
3127
1683
0584
3543
2809
4021
4073
4236
3587
4166
1286
0558
3681
0337
2950
4612
5158
4957
1743
1203
4821
4251
0717
3011
3191
3407
3915
3511
3947
0159
0782
3136
3588
3693
3261
2174
1149
1580
1957
1357
3336
3303
1515
0176
3646
0320
4737
2510
3373
1839
0007
0706
2187
3361
2401
2959
2771
2689
1114
1209
1319
1989
3253
5096
1780
0895
0089
0542
2356
2550
0891
4805
2283
3838
1363
0445
4178
2044
2511
4950
3316
4045
4474
4408
1284
1781
4407
0845
0035
4629
2824
5013
0515
3351
2326
4516
0283
2632
3539
5164
4197
0873
5142
3649
3974
0985
3288
0053
4618
4716
3654
3986
1219
0040
4378
5007
1790
3534
2691
2831
2707
0062
2224
4329
1682
1119
5060
0484
2201
3239
2980
1179
1478
5015
3241
0455
0580
1128
3024
2297
4863
0778
4907
2724
0238
2709
5039
4433
1242
4600
0789
3266
5070
5044
4228
0044
3014
0525
0050
3362
0357
2217
3663
0554
0543
3170
4080
1035
2949
1455
2270
1924
3030
4764
2409
2417
3798
1473
1584
2380
3657
4570
4827
4208
2246
3792
0010
0638
0363
1681
4601
2312
1437
4230
4978
4627
0758
3453
1018
4711
2579
3865
3671
3662
0913
3804
4929
3651
3616
0519
2085
4654
0935
1308
2230
4842
1424
3863
2730
3019
5041
4430
5082
4028
2772
4808
3596
4681
4951
0865
1287
1913
3262
0221
2005
1789
1586
1791
1907
3744
4644
5189
4625
4622
3869
3711
2835
0143
2080
0569
4835
4525
4137
1895
3356
3756
0776
1040
3701
4287
2986
3478
4920
3612
4937
3507
2788
3926
4834
0664
1098
4476
0596
4719
2433
0332
2367
0110
3202
2889
4110
1877
1358
0075
1294
2129
2289
2500
1823
4512
0152
0186
1974
0639
2553
2339
4955
3912
0590
3231
1457
4740
1281
1711
2929
1077
0365
3468
5014
2854
1701
4210
1075
1001
2204
3665
2013
2711
2248
2548
0687
3527
3411
1651
1973
4370
1467
2122
0327
0712
0991
1871
3946
2782
1500
3864
0149
3594
0167
1321
4850
3016
1370
3842
5087
0011
4259
3163
2121
3727
3349
1786
0892
2623
1684
1844
0803
0592
4434
0641
3460
4634
5180
4016
5056
2414
1444
2768
1124
4001
1644
0675
1985
0726
0550
4985
0370
0058
4034
0917
4776
5100
2985
4441
0563
1537
1569
5202
0335
0398
2858
3968
1055
0330
3156
1266
0384
2059
1243
4389
1671
0032
2780
0760
4542
1719
2943
4817
0413
2857
2742
3583
4646
2370
4188
4696
1062
4554
3746
1566
3981
2211
1695
3520
2011
5049
3474
3355
4586
3177
3896
0136
0995
0984
4869
2454
2412
1563
0810
4595
3904
4232
0650
3866
2269
1366
2382
3538
0683
4492
4072
0603
0624
4253
3578
1649
4451
4975
4068
0577
0097
3877
4814
4105
0928
3848
0786
3772
3783
0500
3085
3669
1982
1184
3300
3396
4672
1550
1192
3097
1195
2932
2222
4274
4739
3960
1922
1976
3368
4235
2674
4160
4816
3531
2360
2783
2020
0561
5067
3979
0863
0593
1677
0498
4479
4464
4216
3997
3133
5040
3500
4087
1663
3162
1134
2032
3708
0964
0559
2840
0643
1091
0438
4965
4813
3696
3344
2031
2700
4375
3208
1405
1073
2336
4431
4666
3084
2633
4171
1793
4374
0433
4832
2407
0883
2800
2699
3689
4870
2878
0744
2213
3902
3004
3057
2784
2383
1094
3309
1760
2998
3409
1900
4098
1598
4855
4086
2874
0784
4536
4562
0228
0989
1440
5112
3512
0096
3295
4527
0831
2006
0493
4610
4288
0548
4708
0129
1297
4352
4980
4226
4774
0503
4020
2432
4332
4048
2862
0795
1335
2965
4114
2135
2817
4909
2447
0923
1133
3875
1274
3941
2439
3441
4059
1533
5144
2838
3630
4806
2685
2358
0959
4994
5192
2126
4145
2035
5151
3757
1484
4215
3165
2654
3949
2789
2662
0369
4922
0113
3276
1578
4076
1172
4122
4973
4862
0236
0359
3435
1552
2850
3217
1499
1731
1230
4923
4031
5137
1920
0972
2856
1698
2733
1328
4927
3430
1641
1850
2025
0513
0742
0423
3540
3591
3248
0930
5062
1514
4819
5058
4049
3319
1166
4263
0470
0482
4139
4395
3169
4108
2864
3069
3398
4053
4684
3510
1181
3286
3147
4233
2474
0146
0123
4250
2136
2130
4675
2189
4701
0317
0942
4753
2072
0656
3164
4695
3768
1997
1941
3315
3382
1528
0153
2539
2324
3320
4403
5125
3310
3010
0973
0573
2973
2027
1915
5116
3494
4412
2972
3404
1759
2254
2102
1225
3948
1072
0105
5175
4266
4468
4209
1004
3732
2303
5187
2210
1870
4014
4890
0920
2052
4174
2908
4277
3530
0993
1164
3556
1158
0914
3212
3679
4245
2958
4340
1593
1208
3959
0540
2588
4729
3291
2839
0231
4241
0723
2847
3209
2161
2909
4506
0774
0391
2888
3733
2811
0545
3449
2128
4443
2290
3533
4877
4107
4915
0280
0192
0549
0571
0068
1198
2624
1165
4849
2593
1621
1247
2046
1545
0306
4023
3518
3584
3333
3552
4033
4063
2004
0416
4889
3394
4802
4645
0100
2871
2012
2859
4581
2349
1115
1144
2895
1773
0777
0249
4054
1531
1289
3862
1359
2513
4560
4238
4414
4477
0052
1857
2798
4394
1434
3370
3807
0339
0721
2478
2581
2393
4404
2774
1306
3633
3785
0851
3503
3563
4015
0835
0785
1373
4657
2560
1474
2977
0344
1227
0663
2238
2410
3661
2621
3810
0670
2694
3413
1090
4265
4410
1854
0868
3599
2104
4626
0504
5179
4344
3542
0834
5083
2231
3483
3211
2376
4820
3824
2714
1364
3781
2681
1720
2934
4042
3778
3205
4563
3762
0731
0539
5002
0358
1605
0853
3081
0331
4084
1108
0597
2577
0419
4579
1169
2430
0457
3121
0514
4483
5117
2354
0560
4396
3731
1044
2153
4702
2844
4258
3280
2984
4588
2119
2936
3580
0815
4812
2883
3029
2829
2243
3808
5174
0226
5079
2590
1979
3954
3119
0340
3107
2259
3152
1954
2346
2778
2954
3073
5156
4372
4181
0846
4846
0768
4488
0324
0557
1541
3058
0329
1400
2065
4779
3045
3618
5123
4383
4949
4800
1820
0257
4489
3189
3292
4478
4596
4269
3658
4041
2369
3061
3041
3194
2587
2736
3836
4665
1908
0259
0008
3283
0140
5200
2396
3187
0190
4131
2278
0477
3148
4928
4987
0288
4732
2799
4687
0164
3878
5077
3523
3021
3760
3770
2081
0026
1015
0847
3492
2493
1819
0188
5131
3420
2292
4157
2093
2287
2196
1891
1276
2679
0547
4859
4775
4060
0594
4639
4940
1323
1848
1872
1648
4276
4380
0788
4770
4132
3422
1975
1390
0612
2794
1344
3284
2351
0106
3417
1483
2162
2853
0291
2668
3329
4624
2373
2331
1487
2734
1710
3634
3892
2584
0934
3114
3880
3644
3937
1862
0148
0645
0264
0043
1521
1472
1824
0866
4350
0127
3589
1761
4334
0252
3216
2702
2109
1264
2913
1700
2452
2302
4731
1650
2002
4840
1879
1047
1840
0979
0932
0014
1300
2541
0061
0255
2723
2127
4671
2284
1272
2363
4641
1638
1718
0021
2026
3907
2953
4457
3178
0767
0336
4371
2540
2682
0019
4143
3886
1350
4449
0709
0376
3841
2740
3075
2600
1532
3015
3803
2486
1188
3357
1670
4282
1080
3687
4963
2746
0478
0378
2064
4196
3249
1778
4109
1880
0720
0001
0679
1518
3629
1614
3199
1372
0114
1190
1280
4769
2352
0678
3240
3305
2215
2103
0429
3700
3576
0625
2060
1026
4844
1449
1462
4553
3196
4986
0395
1740
4201
3000
0079
4932
1386
0629
4705
2712
4658
5089
0180
3318
1633
1451
3265
0764
3222
4162
1627
0224
0529
4314
1175
1602
1510
4762
1088
2827
4674
1821
3885
4613
1428
0341
0448
2701
1742
0420
2876
3541
4998
1929
1635
0568
2311
0435
4828
4748
0806
4682
1178
3737
1903
3369
5197
2527
3720
4539
1154
5073
1285
2625
0605
4381
0997
3889
0351
4883
4730
1427
0564
3171
1234
1866
0527
3726
1279
4348
3141
4700
4349
4303
4369
2145
1391
1211
2045
0241
2244
1526
0297
0326
1126
0749
4085
3459
2697
3707
4102
2120
2220
1464
0919
2741
0000
2142
2599
1017
3033
3365
4934
1283
5065
2317
0718
3242
0214
3342
0082
5167
2304
2498
4117
0428
2930
2606
1313
4921
0816
2446
2688
3007
4079
4607
0844
4317
2721
4096
4660
0056
1630
0486
0745
3660
3935
1775
4522
3766
2956
3402
3311
1269
1568
0487
4649
1631
1984
0969
4058
2397
0900
4851
2063
0220
3697
4936
4306
3802
3782
1187
1889
2777
3559
2882
1667
4189
2750
1673
3086
1956
0342
1883
0534
4590
3052
2308
5176
0870
5134
1337
1822
0528
4472
2251
0901
3994
1522
1470
3455
2643
2375
1625
0967
2266
2343
4202
4106
1562
1086
3897
0450
5006
0465
2979
0434
0499
4040
3421
5012
2154
0968
2605
0916
1065
0009
3302
0996
4298
2143
0601
4078
2443
3447
1560
2841
1031
1847
4655
0157
3574
2807
5141
4906
0931
0453
2408
2535
4725
4006
2870
4419
1454
4574
3614
1555
5023
0927
1355
3297
1343
4000
2622
0304
2067
3754
0432
2134
0572
4278
1132
1724
3688
3557
1106
1461
2607
4124
0281
1739
3526
4969
0400
3736
0648
4366
0677
2901
3006
4572
2361
4778
1565
2272
3157
3605
1367
4297
2047
3087
0417
4895
0523
2966
3440
2506
0608
0925
3012
0492
1935
2770
2113
3166
5190
3560
3721
4367
0293
0298
2961
2802
2395
1121
3143
4217
0022
0006
4161
4916
4578
2657
0439
4540
0506
3204
2483
1611
1036
0469
1067
5029
3399
4589
3956
1656
4766
2592
0141
2216
1095
4584
1489
4511
3620
3207
0691
1727
1251
3964
4184
1174
1750
1874
1317
4976
4010
5169
2504
1173
4979
0855
3090
1388
4826
2900
2536
2322
4738
4104
3987
1379
0962
4067
4847
2727
2133
3220
1591
0475
3740
3608
1946
2911
0334
0051
2795
2718
1730
2286
4575
1216
0599
1733
3078
2164
0899
3312
0383
2385
3384
1539
4326
0820
4953
3699
2926
1587
5020
1217
5030
2372
1861
1553
3092
4693
3694
1977
1389
5145
0823
3933
0824
3393
4376
2321
1218
2348
2918
0203
0295
4024
4946
0002
3376
4529
1619
2173
0814
0881
4199
0130
4930
2155
2595
2738
3458
1202
2073
2371
0617
1012
4485
3269
1383
3718
0268
1063
1736
0722
0792
1983
2915
2922
3387
1709
1213
0672
3710
0362
1696
1122
1967
1081
2262
3131
2056
3945
1572
5001
0101
3185
5009
0247
4616
1053
3921
0263
0017
2347
0947
2234
1825
2018
2828
1881
0404
3558
3371
1384
1622
4795
0279
2077
1858
3378
3047
0200
0125
5121
2761
1120
2232
0029
1342
1325
2665
4894
3859
0292
2276
4152
3992
3936
3383
0394
3405
1748
0248
1104
4831
4567
0425
1525
0197
2832
3571
2089
1988
3763
2061
2907
1869
2480
1316
0655
0841
3739
3172
4141
3076
0909
4239
3815
4070
4112
3821
4320
2563
4249
4051
3256
4754
3255
4386
4887
3345
1107
2394
1380
0929
1009
1712
3244
4977
4022
1431
4571
2843
0738
3996
2890
3984
4200
2638
4939
5196
0850
0286
5018
0380
3725
2245
1998
0411
4899
2729
2512
4833
1205
3874
1450
1583
2670
3341
4438
3827
4837
3686
3532
4074
1445
3175
3879
3423
3346
0065
0230
1330
0118
0012
0460
0950
2675
3676
4688
4019
0544
0727
3337
2424
0965
1043
3743
0667
2288
3397
2240
4530
1955
4760
5194
1310
3717
3685
0510
4891
4721
4521
0752
3470
4603
2131
5024
1049
2472
4065
1215
2842
1571
0621
0088
1949
3668
4990
0669
4361
4148
1412
4341
2176
3876
2763
0385
0839
3153
3331
0360
0832
0213
4153
1928
4310
2705
4650
0407
4710
4653
2094
2642
1356
2330
1014
2706
0575
4393
4638
2152
1705
3891
5050
2792
5105
5108
1902
0028
3338
3184
4462
2479
1020
4689
4518
3203
0316
4103
1069
4966
4513
0775
3615
1763
5173
0856
2728
1600
0822
1833
1851
4580
0132
2672
1458
0207
1882
1060
2692
0098
3900
1494
1255
4491
0707
2377
4446
4942
4136
4318
1685
4260
3343
0903
4289
4604
2458
5038
2666
0057
4744
2116
0591
3750
4878
4637
2398
4526
2947
3597
0196
4959
4140
4422
4652
1452
0251
4440
4027
2823
1110
2405
0710
1336
3705
3764
1170
3431
3481
1331
5150
0142
4279
0801
1435
0077
0642
4577
4865
4301
0746
1894
1426
1329
4714
3776
1581
0520
2745
4180
1624
3545
0120
3381
2609
1221
2034
2071
1674
0748
0045
0364
0611
1753
3226
2695
1246
3813
2469
2810
4435
1199
3547
0526
0606
2000
2731
5078
0957
3714
4804
1971
4964
4388
4848
1139
1448
0042
0649
5107
4264
3418
1672
1616
0772
1277
4648
2995
3366
2521
1559
0620
0310
2591
0267
5035
0212
0660
3219
0179
2357
4747
2457
2365
1054
3456
2573
5085
0147
0974
4508
3301
2640
3322
1345
1887
3450
1807
4337
5021
1148
3759
4002
2960
3789
3767
2309
0626
4413
3613
1808
2017
1738
1019
1348
2496
1093
4129
3753
0390
1248
2755
2603
2188
4659
0172
2671
1886
3108
3882
4722
3593
2833
3999
2149
2748
1430
1084
1554
1103
4130
2602
4679
0812
4968
1697
4962
4170
3037
4261
4841
4194
0237
2499
1590
1378
1520
1480
3218
4082
2300
0918
3713
4075
3666
3916
3094
2743
3955
3281
2256
4758
1206
0741
0684
2661
0318
4490
4559
1782
2170
0315
3390
0025
4089
4273
1745
1340
3884
4686
2999
1459
0537
1668
2228
3429
3060
1506
4611
1856
2138
0999
4996
2476
0169
0094
1548
2576
2653
4062
3427
4502
0415
1456
2078
5057
3506
2325
2029
2350
0313
1813
2320
1145
0107
0598
0305
2267
3036
0201
2992
2676
3330
5099
0060
4156
2015
0261
1655
2912
3953
4290
1501
3479
3837
3151
1486
1471
0982
2962
4781
4025
0418
1766
0893
2275
1838
1045
3603
4339
3723
3224
2937
3487
1845
2019
0154
2567
0654
0070
4621
3777
4548
0112
2893
2975
4008
2055
2226
5005
1147
4910
4280
3044
2460
1236
1116
2898
4872
5068
1259
0260
2074
5160
0874
4892
0325
1546
3544
4853
5059
0471
5143
3927
3564
4815
1519
0480
2618
2470
2867
2717
3038
2399
4720
3197
0555
1163
2634
3931
0085
3101
3462
2902
0253
1864
3967
4466
2255
4788
1021
1260
0361
1038
4958
3913
1945
0949
1409
3190
1423
0751
0838
3066
1961
2863
1788
1275
4537
3477
1901
1803
3008
2629
1557
4503
0551
2167
5046
4796
2451
0078
1441
0619
3683
3074
5081
4933
3443
4069
3906
1645
2413
4123
0666
0921
0615
1399
3335
4755
4709
1817
4803
0703
0588
2507
0479
4357
0222
0963
2271
1137
3748
0366
2875
4220
4790
0763
1612
3929
5037
1362
2769
4302
2468
1509
1508
2144
1112
3298
4876
4013
4670
0392
0589
1536
0859
4703
0300
2490
3130
1544
2610
0175
2053
0730
2147
4984
0781
0819
1523
4475
3825
1351
4411
1579
1238
3905
3600
0371
3475
3820
1747
2263
3585
2747
4095
1588
3642
2146
1841
1385
5019
3327
2990
2645
4195
3537
0170
3480
3794
4707
0208
3434
3990
4783
2123
1311
2250
2185
4786
0522
5172
1278
3555
1661
3032
3059
4295
0860
0988
2649
4882
3321
3113
4549
0843
1146
1716
1267
0915
4647
3675
1783
0681
3056
0166
0787
0933
2813
1099
1931
0095
4861
0793
5094
1207
2435
4127
4043
1228
4037
1003
2760
4090
3103
1096
1479
0614
0811
3134
2333
1401
0715
4094
2582
2040
2096
2092
3586
3326
2471
4305
4673
0309
1032
3325
0536
4325
2462
0451
0403
3716
3582
3624
4640
1756
4533
0090
0104
4204
3703
2927
1118
0799
3250
1223
0396
4896
2442
5022
2381
3577
4248
0139
2058
0651
2821
3602
4592
1422
4839
2429
4007
2344
1059
2166
3501
2948
1025
4237
1490
0770
1575
1446
1573
1304
0187
0897
1846
0952
0299
3643
5181
2636
2465
4384
3809
2754
1410
4908
4165
1787
4864
1491
0083
4454
2941
4242
4150
1917
0111
2690
0701
2861
3049
0155
0189
5026
2140
3806
5201
1250
0381
2555
1812
4717
3433
3903
1772
4342
4797
2805
2756
0184
1492
1762
0688
4036
4532
4151
3179
0087
4283
5076
3227
1301
4115
4663
0266
4420
3210
2515
1375
1312
2449
2552
1109
4083
2051
4364
4144
0567
4726
1406
4593
4997
1732
1547
4734
1085
2023
4715
4995
2952
4455
2239
4219
0414
0308
1530
2206
3436
2647
3573
1726
1853
5103
4224
2261
4885
0328
4698
1265
0211
1943
1604
3958
4399
1774
1033
3324
0875
1443
1728
3363
2268
1097
1159
0150
2836
2903
1717
1932
1439
0830
3850
2655
5074
3860
0333
2704
1127
2559
2758
1801
2236
2229
1305
0296
1585
3691
2631
0538
0174
2812
1725
2935
3412
5120
4602
3823
4931
0894
3893
3991
0702
4379
4445
1092
3536
1193
1855
2757
2848
0368
4270
3752
3742
0005
2314
1729
3232
4564
0531
0887
2105
1757
4556
2434
2924
0066
3670
2578
0690
3722
3786
2203
2933
4030
1654
1087
2957
2313
1702
2101
3553
2508
2342
3476
1890
2525
1660
0613
3289
3464
2415
2425
0970
2572
1898
0936
2274
4218
0284
2845
0889
4901
1432
1691
1770
4712
1394
4365
3406
4799
1268
0977
1827
0145
4897
3484
2869
4047
0556
2732
1000
2169
4428
2608
4881
4947
2545
4822
5148
3234
2487
0857
3801
1735
4667
0961
2190
5204
2713
4967
4149
4543
3009
3619
3457
2896
3129
2301
0289
0461
3425
4182
3358
3154
1376
3279
4338
0156
4767
2719
3775
1963
4356
2997
4918
0489
3467
2519
2298
4436
2016
3867
1893
0937
0627
3816
1041
1369
0015
3278
2172
2258
0945
3499
4699
1262
1686
4557
4418
3126
5154
2904
3554
2906
0117
2708
1160
0041
2546
1245
4398
4509
3334
3621
3120
1690
4046
0981
4541
4246
3549
1496
1360
3780
3392
3944
5051
1966
4662
3364
1577
2039
3919
5153
3771
1665
2233
1420
4999
1959
5165
3233
5092
4459
4363
2894
1214
2306
2617
2340
4308
1993
0943
1906
5064
3017
0441
2315
0311
5183
4286
2765
2530
4300
3609
4017
0452
5003
2038
2822
2151
4582